0 73
0 74
0 75
0 76
0 77
0 78
0 79
0 80
0 81
0 82
0 83
1 73
1 74
1 75
1 76
1 77
1 78
1 79
1 80
1 81
1 82
1 83
2 77
2 78
2 79
2 80
2 81
2 82
2 83
3 78
3 79
3 80
3 81
6 14
6 15
6 16
6 17
7 14
7 15
7 16
7 17
7 18
7 19
7 20
7 21
7 22
7 23
7 24
8 14
8 15
8 16
8 17
8 18
8 19
8 20
8 21
8 22
8 23
8 24
8 25
9 14
9 15
9 16
9 17
9 18
9 19
9 20
9 21
9 22
9 23
9 24
9 25
9 26
9 27
9 28
9 29
10 15
10 16
10 17
10 18
10 19
10 20
10 21
10 22
10 23
10 24
10 25
10 26
10 27
10 28
10 29
10 30
11 19
11 20
11 21
11 22
11 23
11 24
11 25
11 26
11 27
11 28
11 29
11 30
12 26
12 27
12 28
12 29
12 30
13 26
13 27
13 28
13 29
13 30
14 26
14 27
14 28
14 29
18 0
18 1
19 0
19 1
19 2
19 3
20 0
20 1
20 2
20 3
20 4
21 0
21 1
21 2
21 3
21 4
22 0
22 1
22 2
22 3
22 4
23 0
23 1
23 2
23 3
23 4
24 0
24 1
24 2
24 3
24 4
25 0
25 1
26 0
26 1
27 0
27 1
28 0
28 1
29 0
29 1
30 0
30 1
57 96
58 96
59 96
60 96
63 95
63 96
64 95
64 96
65 95
65 96
66 95
66 96
67 96
68 96
69 96
83 94
83 95
83 96
84 94
84 95
84 96
85 94
85 95
85 96
86 94
86 95
86 96
87 94
87 95
87 96
88 94
88 95
88 96
89 94
89 95
89 96
91 96
92 96
93 96
94 95
94 96
95 95
95 96
96 95
96 96
